[gd_scene load_steps=16 format=2]

[ext_resource path="res://data/models/OpenGameArt/soldier2.glb" type="PackedScene" id=1]
[ext_resource path="res://data/instances/enemies/scripts/soldier2.gd" type="Script" id=2]
[ext_resource path="res://addons/follow_bone_3d/FollowBone3D.gd" type="Script" id=3]
[ext_resource path="res://data/instances/enemies/DamageCallBack.gd" type="Script" id=4]

[sub_resource type="ConvexPolygonShape" id=3]
points = PoolVector3Array( -0.265923, 0.649305, 1.15511, -0.0869516, 0.962401, -0.58982, -0.082678, 1.03053, -0.534139, 1.21041, 0.425618, 0.0366866, -1.25039, 0.425618, 0.260439, 0.224843, 1.12485, 0.472884, -1.16078, 1.00714, 0.215688, 0.774936, 0.394084, 0.94852, -0.578119, 0.406236, -0.399646, 1.1208, 1.00714, 0.0366866, 0.469689, 0.397012, -0.505117, 0.673495, 0.783451, 1.02086, -0.601271, 0.393371, 1.07939, 1.076, 0.783451, -0.410818, -1.16078, 0.828123, -0.187066, -0.5345, 0.783451, 1.11036, 1.21041, 0.917663, 0.260439, -1.25039, 0.559896, 0.483679, -0.264691, 1.12463, 0.472785, 0.136582, 1.05194, -0.500319, 1.21041, 0.559896, -0.231816, 1.1208, 0.962401, -0.231816, -1.16078, 0.917663, 0.438928, -0.484296, 0.978767, 0.787288, -1.25039, 0.470356, 0.0814371, -1.16078, 1.00714, 0.0814371, 0.563804, 0.978053, 0.705213, -0.265923, 1.05194, -0.410818, -0.265923, 0.515093, 1.15511, 0.494524, 0.783451, 1.06561, -1.11598, 0.783451, -0.231816, 1.16561, 0.694042, 0.349428, -0.713804, 0.400925, -0.243054, 0.675325, 0.526747, 1.02027, 0.0021727, 0.962401, -0.58982, 1.21041, 0.425618, -0.0528143, 0.971815, 0.399844, 0.34564, -0.329579, 0.406767, -0.439767, -0.919691, 0.402487, 0.345114, 0.739452, 0.859964, 0.836672, -0.265923, 0.783451, 1.11036, -0.5617, 0.896942, 0.904564, -1.25039, 0.515093, 0.438928 )

[sub_resource type="ConvexPolygonShape" id=14]
points = PoolVector3Array( -0.579115, -0.424536, 0.841915, -0.310669, -1.09566, -0.410761, -0.202273, -0.450418, -0.36418, 0.941959, -0.737763, 0.439174, -0.176536, -1.09566, 0.439174, 0.896889, -0.424536, -0.00814711, 0.449778, -1.05086, -0.455595, -0.892451, -0.737763, 0.349633, -0.892451, -0.424536, 0.1261, 0.762756, -0.469339, 0.707541, 0.628622, -1.00612, 0.394467, -0.534404, -1.05086, -0.366055, -0.579115, -1.00612, 0.48388, 0.290164, -0.45374, -0.358201, -0.757959, -0.558813, 0.752374, 0.941959, -0.737763, 0.215386, 0.500603, -1.07049, -0.0343962, -0.579115, -0.469339, 0.841915, 0.226043, -1.09566, -0.455595, 0.807033, -0.442844, 0.594821, 0.152148, -0.960266, 0.502545, -0.847381, -0.782434, 0.573421, -0.668537, -1.00612, -0.00814711, -0.892451, -0.424536, 0.349633, -0.328061, -0.448652, -0.325865, 0.628622, -1.00612, -0.187101, 0.941959, -0.469339, 0.0366866, 0.00417974, -0.615506, -0.406303, 0.941959, -0.782434, 0.349633, 0.896889, -0.558813, 0.573421, -0.464287, -1.05358, 0.330012, 0.486189, -1.06108, 0.25331, -0.892451, -0.603616, 0.215386, 0.49431, -1.05086, -0.410761, -0.623826, -0.424536, 0.841915 )

[sub_resource type="ConvexPolygonShape" id=12]
points = PoolVector3Array( 0.673333, -0.111335, 1.24449, -0.892373, -0.424536, 0.305102, -0.579194, 0.380815, -0.455498, 0.775392, 0.364245, 0.952012, 0.884028, -0.399135, 0.0592982, -0.595746, 0.363494, 1.07925, -0.486037, -0.348819, 1.04818, 0.494428, 0.380815, -0.545078, -0.880298, 0.356999, 0.268335, 0.933294, 0.358459, 0.183242, 0.315522, -0.424536, -0.500196, 0.718571, -0.400315, 0.688736, -0.61067, -0.390967, -0.220585, -0.265827, 0.336039, 1.28919, -0.489741, -0.111335, 1.33407, -0.250812, -0.318803, -0.453967, 0.635026, 0.3149, 1.15223, 0.534323, -0.348037, 0.965307, -0.754393, -0.274604, -0.110891, -0.842427, 0.341146, 0.515215, 0.763228, -0.106263, 0.942978, -0.588678, -0.402824, 0.817725, 0.581934, -0.393354, -0.307206, 0.670078, 0.352896, -0.313367, -0.759181, 0.359623, -0.113996, 0.793678, -0.395953, 0.560598, -0.355279, -0.111335, 1.33407, 0.90275, 0.345673, 0.394498, -0.327252, -0.394838, -0.392811, 0.88588, -0.399948, 0.100544, -0.458384, 0.314226, 1.23466, 0.404975, 0.380815, -0.545078, -0.859516, -0.41011, 0.178837, 0.662601, -0.351085, 0.929355, -0.659278, -0.395072, 0.767515 )

[sub_resource type="ConvexPolygonShape" id=11]
points = PoolVector3Array( -0.266041, -2.34835, -0.187145, -0.131869, -1.85638, 0.260273, -0.355525, -1.85638, 0.260273, -0.0871531, -2.39312, 0.260273, -0.310783, -2.39312, 0.17071, -0.131869, -1.85638, 0.0365639, -0.355525, -1.85638, -0.00815149, -0.131869, -2.25887, -0.187145, -0.0871531, -2.39312, -0.0529107, -0.310783, -2.39312, -0.142385, -0.0871531, -1.94581, 0.17071, -0.266041, -2.39312, 0.260273, -0.221326, -1.85638, -0.0529107, -0.355525, -2.03529, 0.125995, -0.0871531, -2.25887, -0.0976262, -0.310783, -1.85638, -0.0529107 )

[sub_resource type="ConvexPolygonShape" id=10]
points = PoolVector3Array( -0.355507, -1.85627, -0.0528056, -0.176619, -1.09566, 0.439239, -0.355507, -1.09566, 0.439239, -0.131869, -1.09566, -0.231886, -0.579259, -1.14048, -0.0976086, -0.131869, -1.85627, 0.260224, -0.489758, -1.54305, 0.349699, 0.00238287, -1.18523, -0.231886, 0.00238287, -1.09566, 0.349699, -0.534509, -1.54305, -0.0976086, -0.534509, -1.09566, 0.349699, -0.26612, -1.85627, -0.0976086, -0.400258, -1.85627, 0.215487, -0.0871181, -1.72203, 0.0814064, -0.355507, -1.7667, -0.142346, -0.534509, -1.09566, -0.142346, -0.221369, -1.49823, 0.394436, -0.579259, -1.27472, 0.0814064, 0.00238287, -1.18523, 0.349699, -0.489758, -1.72203, 0.17075, -0.176619, -1.85627, -0.00806828, -0.534509, -1.36421, 0.349699, -0.400258, -1.18523, -0.187083, -0.0871181, -1.54305, 0.349699, -0.310757, -1.27472, 0.439239, -0.489758, -1.72203, 0.0366691, -0.489758, -1.27472, 0.394436, -0.400258, -1.81145, 0.260224 )

[sub_resource type="ConvexPolygonShape" id=9]
points = PoolVector3Array( 0.0471859, -2.30363, -0.0976262, 0.226052, -2.12472, 0.260273, 0.360317, -1.85638, 0.215513, 0.315531, -2.34835, -0.142385, 0.136634, -1.85638, -0.0529107, 0.315531, -2.39312, 0.215513, 0.0919101, -2.12472, 0.260273, 0.315531, -1.85638, -0.0976262, 0.0919101, -2.39312, 0.260273, 0.0919101, -2.39312, -0.187145, 0.136634, -1.85638, 0.215513, 0.360317, -1.99057, -0.00815149, 0.270807, -2.39312, -0.187145, 0.0919101, -2.25887, -0.187145, 0.360317, -1.85638, -0.0529107, 0.270807, -2.25887, -0.187145, 0.0471859, -2.25887, -0.0529107 )

[sub_resource type="ConvexPolygonShape" id=8]
points = PoolVector3Array( 0.22617, -1.85627, -0.142368, 0.360238, -1.09566, 0.394498, 0.539222, -1.09566, 0.304979, 0.0024398, -1.09566, -0.231886, 0.539222, -1.09566, -0.187127, 0.136678, -1.85627, 0.215522, 0.404984, -1.85627, 0.215522, 0.0024398, -1.18523, 0.304979, 0.539222, -1.36421, -0.187127, 0.539222, -1.49823, 0.260159, 0.44973, -1.72203, -0.0976086, 0.136678, -1.85627, -0.0529107, 0.270916, -1.2299, 0.394498, 0.315492, -1.7667, -0.187127, 0.091932, -1.09566, 0.349738, 0.44973, -1.2299, -0.231886, 0.584025, -1.18523, 0.260159, 0.0024398, -1.18523, -0.231886, 0.091932, -1.72203, 0.170763, 0.360238, -1.4537, 0.349738, 0.136678, -1.58772, 0.304979, 0.494476, -1.67721, 0.0366077, 0.315492, -1.85627, -0.142368, 0.539222, -1.27472, 0.304979, 0.44973, -1.09566, -0.231886 )

[sub_resource type="ConvexPolygonShape" id=4]
points = PoolVector3Array( -1.4294, 0.828123, 0.483924, -1.47418, 0.559896, -0.0976612, -1.47418, 0.649305, -0.0976612, -2.36893, 0.87286, 0.528661, -2.27937, 1.00714, 0.0366165, -2.1898, 0.470356, 0.349646, -1.25039, 0.470356, 0.349646, -1.25039, 0.87286, -0.00812083, -2.27937, 0.559896, 0.0366165, -2.10035, 1.05194, 0.394449, -2.05568, 0.604633, 0.573465, -1.56374, 0.380815, 0.170894, -1.25039, 0.917663, 0.304909, -2.36893, 0.917663, -0.00812083, -2.05568, 1.00714, 0.528661, -1.25039, 0.604633, 0.483924, -1.25039, 0.515093, 0.0366165, -2.36893, 0.694042, 0.528661, -1.4294, 0.962401, 0.126091, -1.4294, 0.380815, 0.260237, -2.32404, 1.00714, 0.439187, -1.25039, 0.694042, -0.0976612, -1.47418, 0.962401, 0.439187, -2.1898, 0.559896, -0.00812083, -1.51885, 0.738714, 0.528661, -2.10035, 1.05194, 0.170894, -2.32404, 0.559896, 0.126091, -2.23458, 0.559896, 0.528661, -2.1898, 0.470356, 0.215566, -1.25039, 0.828123, 0.439187, -2.36893, 0.694042, 0.0366165, -2.05568, 1.00714, 0.0366165, -1.25039, 0.425618, 0.170894, -1.25039, 0.828123, -0.0528582, -2.27937, 1.05194, 0.215566, -2.27937, 1.00714, 0.528661, -2.27937, 0.515093, 0.394449, -2.1898, 0.694042, 0.573465, -1.60842, 0.380815, 0.260237, -1.51885, 0.604633, 0.528661, -2.36893, 0.962401, 0.483924 )

[sub_resource type="ConvexPolygonShape" id=15]
points = PoolVector3Array( 1.92621, 0.693924, 0.170772, 1.25525, 0.604603, -0.32137, 1.21041, 0.51511, -0.187118, 1.29995, 0.917655, 0.170772, 1.92621, 0.962458, -0.187118, 1.92621, 0.51511, -0.187118, 1.21041, 0.51511, 0.215522, 1.21041, 0.872908, -0.231869, 1.61301, 0.380929, -0.00823033, 1.88143, 0.962458, 0.126021, 1.65771, 0.649349, 0.260273, 1.92621, 0.872908, -0.276619, 1.56831, 0.559857, -0.32137, 1.4342, 0.380929, -0.0976174, 1.4342, 0.962458, -0.142368, 1.21041, 0.828162, 0.215522, 1.88143, 0.51511, 0.0365201, 1.4789, 0.962458, 0.170772, 1.21041, 0.425618, 0.0365201, 1.4342, 0.872908, -0.276619, 1.92621, 0.604603, -0.276619, 1.61301, 0.73867, 0.260273, 1.29995, 0.559857, 0.260273, 1.61301, 0.73867, -0.32137, 1.83666, 0.604603, 0.170772, 1.56831, 0.380929, -0.0976174, 1.92621, 0.917655, 0.126021, 1.25525, 0.917655, 0.0812706, 1.21041, 0.828162, -0.276619, 1.29995, 0.917655, -0.231869, 1.21041, 0.649349, 0.260273, 1.4342, 0.470364, -0.231869 )

[sub_resource type="ConvexPolygonShape" id=6]
points = PoolVector3Array( 2.28447, 0.738832, 0.170789, 2.50809, 0.917646, -0.679303, 3.49224, 0.738832, -0.23204, 2.06069, 0.470299, -0.14242, 2.10545, 1.05188, -0.00819969, 3.40257, 0.604594, -0.679303, 3.1788, 0.559848, 0.0364019, 2.99993, 0.962392, -0.634452, 3.1788, 0.8729, 0.0364019, 2.64235, 0.515102, -0.679303, 1.92658, 0.604594, -0.276475, 1.92658, 0.604594, 0.126021, 2.01594, 1.00714, -0.321243, 3.40257, 0.828154, -0.679303, 1.92658, 0.962392, 0.0812531, 2.19496, 0.962392, 0.170789, 3.40257, 0.559848, -0.589684, 2.23971, 0.559848, 0.170789, 2.01594, 0.559848, -0.366094, 2.19496, 0.470299, -0.0529677, 2.28447, 1.05188, -0.0529677, 3.49224, 0.64934, -0.187188, 2.06069, 1.05188, -0.187188, 2.01594, 0.917646, -0.366094, 1.92658, 0.962392, -0.187188, 1.92658, 0.515102, -0.00819969, 2.28447, 1.00714, 0.126021, 3.22355, 0.8729, -0.0529677, 3.3794, 0.578373, -0.193362, 3.44733, 0.738832, -0.589684, 2.01594, 0.515102, -0.276475, 2.1502, 0.559848, 0.170789, 1.92658, 0.828154, 0.126021 )

[sub_resource type="ConvexPolygonShape" id=16]
points = PoolVector3Array( 0.582565, 1.50767, 0.248544, 0.583551, 1.46605, 0.24879, -0.490719, 1.42638, 0.617189, -0.0389354, 1.09352, -0.538265, 0.282221, 2.0309, 0.083782, 0.126099, 2.00308, 0.660454, 0.123543, 1.14666, 0.568143, -0.518035, 1.01977, 0.0801298, 0.203126, 1.79182, -0.438305, 0.453027, 1.09906, 0.0422586, -0.489723, 1.58899, -0.321273, -0.522422, 1.91391, 0.204374, 0.404971, 1.58899, -0.410744, 0.531755, 1.75362, 0.531104, -0.036829, 2.10252, 0.0447587, -0.116496, 1.82912, -0.471149, 0.527459, 1.91407, 0.0431285, 0.0837099, 1.55035, 0.734578, 0.52865, 1.3887, 0.528596, -0.276683, 1.95004, 0.601845, 0.315575, 1.23096, -0.500214, -0.355446, 1.27574, -0.455547, 0.450999, 1.10137, 0.327821, -0.40484, 1.1021, 0.408942, -0.565867, 1.79378, 0.204919, -0.087013, 1.18628, -0.58982, 0.569106, 1.46965, 0.0429958, -0.534027, 1.59071, 0.577981, 0.0434311, 1.79628, 0.741422, -0.0385065, 1.18104, 0.615828, 0.362645, 1.95149, 0.523921, 0.249225, 1.09692, -0.369368, -0.284441, 1.79551, -0.408465, -0.525389, 1.91563, 0.123758, -0.561841, 1.42994, 0.12361, -0.0373906, 2.10955, 0.123395, 0.535618, 1.22164, 0.123965, 0.582978, 1.71483, 0.0830384, 0.0420263, 1.82962, -0.472453, -0.0787324, 1.10375, 0.489141, -0.323883, 1.10127, -0.324641, -0.534483, 1.63344, -0.187136, -0.162222, 1.96106, 0.659144, 0.0840035, 1.26403, 0.65492, -0.203966, 1.5495, 0.702001, 0.160635, 1.82873, -0.430473, 0.123722, 1.71232, 0.730922, 0.0420083, 2.1077, 0.123322, 0.00238287, 2.03305, 0.565542, -0.405355, 1.83535, 0.572425, 0.0414, 2.10008, 0.0450513, -0.238764, 1.83213, -0.398703, 0.529078, 1.915, 0.123717, -0.476999, 1.95075, 0.163443, 0.534462, 1.30431, 0.451441, 0.00238287, 1.26149, 0.65895, 0.286968, 1.95674, 0.611698, -0.272942, 2.02413, 0.0841029, 0.315575, 1.27574, -0.500214, 0.123474, 1.1064, 0.487123, -0.0422537, 1.18628, -0.58982, -0.562809, 1.42963, 0.204374, 0.510639, 1.23989, 0.00603541 )

[node name="soldier2" instance=ExtResource( 1 )]
transform = Transform( 0.9, 0, 0, 0, 0.9, 0, 0, 0, 0.9, 0, 0, 0 )
script = ExtResource( 2 )

[node name="Cube" parent="Armature/Skeleton" index="0"]
transform = Transform( 0.999053, 0, 0, 0, 0.999053, 0, 0, 0, 0.999053, 0, 0, 0 )

[node name="Torso" type="Position3D" parent="Armature/Skeleton" index="1"]
transform = Transform( -0.995449, -0.0895458, -0.0326072, -0.0908091, 0.995082, 0.0395758, 0.0289029, 0.0423568, -0.998685, -0.104601, 1.52569, -0.0811712 )
script = ExtResource( 3 )
skeleton = NodePath("..")
selected_bone = 11

[node name="StaticBody" type="StaticBody" parent="Armature/Skeleton/Torso" index="0"]
transform = Transform( 0.999982, -0.00592761, -0.00140628, 0.00592228, 0.999975, -0.00376863, 0.00142864, 0.00376021, 0.999992, -0.0241153, 0.0208309, -0.0145439 )
script = ExtResource( 4 )

[node name="CollisionShape12" type="CollisionShape" parent="Armature/Skeleton/Torso/StaticBody" index="0"]
transform = Transform( 0.837297, -0.070185, 0.0340044, 0.0611127, 0.996216, -0.0246317, -0.0780897, 0.0270961, 0.99369, 0.0890749, -0.712474, -0.0895437 )
shape = SubResource( 3 )

[node name="CollisionShape2" type="CollisionShape" parent="Armature/Skeleton/Torso/StaticBody" index="1"]
transform = Transform( 0.999053, 0, 0, 0, 0.999053, 0, 0, 0, 0.999053, 0, 0, 0 )
shape = SubResource( 14 )

[node name="Backpack" type="Position3D" parent="Armature/Skeleton" index="2"]
transform = Transform( -0.995449, -0.0895458, -0.0326072, -0.0908091, 0.995082, 0.0395758, 0.0289029, 0.0423568, -0.998685, -0.104601, 1.52569, -0.0811712 )
script = ExtResource( 3 )
skeleton = NodePath("..")
selected_bone = 11

[node name="StaticBody" type="StaticBody" parent="Armature/Skeleton/Backpack" index="0"]
transform = Transform( 0.698161, 0.0828435, 0.124623, -0.120016, 0.0349872, 0.875389, 0.0323373, -0.995479, 0.0393162, 0.242867, -0.598211, -0.995458 )
script = ExtResource( 4 )

[node name="CollisionShape3" type="CollisionShape" parent="Armature/Skeleton/Backpack/StaticBody" index="0"]
transform = Transform( -0.995253, 0, -0.0870527, 0, 0.999053, 0, 0.0870527, 0, -0.995253, -0.00286484, -1.07211, 0.0428853 )
shape = SubResource( 12 )

[node name="FootLeft" type="Position3D" parent="Armature/Skeleton" index="3"]
transform = Transform( -0.994685, -0.0889541, 0.051845, 0.0119112, 0.400746, 0.916112, -0.102269, 0.91186, -0.397557, 0.0491312, -1.25981, 0.531099 )
script = ExtResource( 3 )
skeleton = NodePath("..")
selected_bone = 7

[node name="StaticBody" type="StaticBody" parent="Armature/Skeleton/FootLeft" index="0"]
transform = Transform( 0.986151, -0.159239, 0.046372, 0.123518, 0.891724, 0.435398, -0.110684, -0.42364, 0.899043, -0.104084, -0.162162, -0.386995 )
script = ExtResource( 4 )

[node name="CollisionShape4" type="CollisionShape" parent="Armature/Skeleton/FootLeft/StaticBody" index="0"]
transform = Transform( 0.960349, 0.0436652, -0.271897, -0.22383, -0.450852, -0.862982, -0.160419, 0.890467, -0.423604, 0.324383, -1.0444, 2.55317 )
shape = SubResource( 11 )

[node name="LegLeft" type="Position3D" parent="Armature/Skeleton" index="4"]
transform = Transform( -0.928681, -0.189054, -0.319077, 0.072999, -0.936671, 0.342516, -0.363625, 0.294796, 0.883669, 0.176552, -0.628505, 0.332409 )
script = ExtResource( 3 )
skeleton = NodePath("..")
selected_bone = 6

[node name="StaticBody" type="StaticBody" parent="Armature/Skeleton/LegLeft" index="0"]
script = ExtResource( 4 )

[node name="CollisionShape5" type="CollisionShape" parent="Armature/Skeleton/LegLeft/StaticBody" index="0"]
transform = Transform( -0.650787, 0.343032, -0.434176, -0.193772, -0.918682, -0.329776, -0.531312, -0.169199, 0.818607, 0.421938, -1.71978, -0.529322 )
shape = SubResource( 10 )

[node name="FootRight" type="Position3D" parent="Armature/Skeleton" index="5"]
transform = Transform( -0.99443, -0.0848083, -0.0625706, -0.02181, -0.415246, 0.909447, -0.103111, 0.905747, 0.411084, -0.10335, -1.1608, -0.562907 )
script = ExtResource( 3 )
skeleton = NodePath("..")
selected_bone = 3

[node name="StaticBody" type="StaticBody" parent="Armature/Skeleton/FootRight" index="0"]
script = ExtResource( 4 )

[node name="CollisionShape6" type="CollisionShape" parent="Armature/Skeleton/FootRight/StaticBody" index="0"]
transform = Transform( -0.992503, 0.114781, 0.021577, 0.0161101, -0.0643199, 0.999594, 0.138858, 1.08478, 0.10136, 0.463142, -0.0578136, 2.51856 )
shape = SubResource( 9 )

[node name="LegRight" type="Position3D" parent="Armature/Skeleton" index="6"]
transform = Transform( -0.964957, 0.224786, 0.135386, -0.262272, -0.842783, -0.470031, 0.00844494, -0.489068, 0.872204, -0.254853, -0.592776, -0.23328 )
script = ExtResource( 3 )
skeleton = NodePath("..")
selected_bone = 2

[node name="StaticBody" type="StaticBody" parent="Armature/Skeleton/LegRight" index="0"]
script = ExtResource( 4 )

[node name="CollisionShape7" type="CollisionShape" parent="Armature/Skeleton/LegRight/StaticBody" index="0"]
transform = Transform( -0.992089, -0.094697, 0.0700282, 0.0971847, -0.993768, 0.0329651, 0.0665337, 0.0395473, 0.99605, 0.0121734, -1.86884, -0.119466 )
shape = SubResource( 8 )

[node name="HandLeft" type="Position3D" parent="Armature/Skeleton" index="7"]
transform = Transform( -0.635938, -0.292409, 0.210076, 0.257894, -0.0723892, 0.679929, -0.251249, 0.665815, 0.166184, 0.136773, 1.5188, 0.720479 )
script = ExtResource( 3 )
skeleton = NodePath("..")
selected_bone = 22

[node name="StaticBody" type="StaticBody" parent="Armature/Skeleton/HandLeft" index="0"]
transform = Transform( 0.243045, 0.861017, 0.446742, -0.961234, 0.275613, -0.00824681, -0.130229, -0.427419, 0.894625, -2.05489, 1.44399, 0.993191 )
script = ExtResource( 4 )

[node name="CollisionShape11" type="CollisionShape" parent="Armature/Skeleton/HandLeft/StaticBody" index="0"]
transform = Transform( -0.995253, -2.98023e-08, -0.0870527, 5.96046e-08, 0.999053, -1.49012e-08, 0.0870527, -1.49012e-08, -0.995253, -0.804547, 1.4583, 0.402737 )
shape = SubResource( 4 )

[node name="ArmLeft" type="Position3D" parent="Armature/Skeleton" index="8"]
transform = Transform( -0.635938, -0.292409, 0.210076, 0.257894, -0.0723892, 0.679929, -0.251249, 0.665815, 0.166184, 0.136773, 1.5188, 0.720479 )
script = ExtResource( 3 )
skeleton = NodePath("..")
selected_bone = 22

[node name="StaticBody" type="StaticBody" parent="Armature/Skeleton/ArmLeft" index="0"]
transform = Transform( 0.243045, 0.861017, 0.446742, -0.961234, 0.275613, -0.00824681, -0.130229, -0.427419, 0.894625, -2.05489, 1.44399, 0.993191 )
script = ExtResource( 4 )

[node name="CollisionShape13" type="CollisionShape" parent="Armature/Skeleton/ArmLeft/StaticBody" index="0"]
transform = Transform( -1.97532, 0.32216, 0.290712, 0.0777819, -0.114883, 1.1885, 0.267718, 1.12755, 0.0921418, 4.63749, 1.68648, -1.19924 )
shape = SubResource( 15 )

[node name="ArmRight" type="Position3D" parent="Armature/Skeleton" index="9"]
transform = Transform( -0.553654, 0.414553, -0.235933, -0.271721, 0.0229754, 0.678006, 0.392028, 0.60139, 0.136732, -0.675249, 1.36056, 0.420935 )
script = ExtResource( 3 )
skeleton = NodePath("..")
selected_bone = 15

[node name="StaticBody" type="StaticBody" parent="Armature/Skeleton/ArmRight" index="0"]
transform = Transform( 0.243045, 0.861017, 0.446742, -0.961234, 0.275613, -0.00824681, -0.130229, -0.427419, 0.894625, -2.05489, 1.44399, 0.993191 )
script = ExtResource( 4 )

[node name="CollisionShape9" type="CollisionShape" parent="Armature/Skeleton/ArmRight/StaticBody" index="0"]
transform = Transform( -0.853067, -0.418654, 0.731546, 0.73106, 0.179618, 0.316256, 0.139159, 0.723803, 0.0863403, 4.84551, -0.274477, -0.844818 )
shape = SubResource( 6 )

[node name="Head" type="Position3D" parent="Armature/Skeleton" index="10"]
transform = Transform( 0.998413, -0.044232, -0.034865, 0.0421927, 0.99747, -0.0572047, 0.0373071, 0.0556428, 0.997754, -7.22706e-07, -0.257205, -0.214337 )
script = ExtResource( 3 )
skeleton = NodePath("..")
selected_bone = 8

[node name="StaticBody" type="StaticBody" parent="Armature/Skeleton/Head" index="0"]
script = ExtResource( 4 )

[node name="CollisionShape" type="CollisionShape" parent="Armature/Skeleton/Head/StaticBody" index="0"]
transform = Transform( -0.999053, 1.49012e-08, -8.56817e-08, 6.98492e-10, 0.999053, -3.72529e-08, 1.00583e-07, 0, -0.999052, -0.110048, 1.07869, 0.0489832 )
shape = SubResource( 16 )

[node name="AnimationPlayer" parent="." index="1"]
reset_on_save = false
